8,2
8,3
0,318
12,2
12,1
12,3
90,7
90,6
90,5
90,4
90,3
90,2
90,1
90,0
89,4
89,3
89,2
89,1
89,0
88,3
88,2
88,1
88,0
87,5
20,2
87,4
20,1
87,3
20,3
87,2
87,1
87,0
86,4
86,3
86,2
86,1
86,0
85,4
85,3
85,2
19,2
85,1
85,0
19,1
19,3
84,4
84,3
84,2
84,1
84,0
83,4
83,3
83,2
83,1
83,0
82,5
82,4
82,3
82,2
82,1
82,0
81,4
81,3
81,2
81,1
81,0
80,5
80,4
80,3
80,2
80,1
80,0
79,5
79,4
79,3
79,2
79,1
79,0
78,7
78,6
78,5
78,4
78,3
78,2
78,1
78,0
77,4
77,3
77,2
77,1
77,0
76,4
76,3
76,2
76,1
76,0
75,5
75,4
75,3
75,2
75,1
75,0
74,5
74,4
74,3
74,2
74,1
74,0
73,5
73,4
73,3
73,2
73,1
73,0
72,4
72,3
72,2
72,1
72,0
71,7
71,6
71,5
71,4
18,1
18,3
71,3
71,2
71,1
71,0
70,4
70,3
70,2
70,1
70,0
69,6
69,5
